[symmetry]
x_axis = 15.000000
y_axis = 16.000000
