[symmetry]
x_axis = 384.000000
y_axis = 266.000000
